{
	"name": "12AT7",
	"vaMax": 300.0,
	"vg1Max": 5.0,
	"iaMax": 10.0,
	"paMax": 2.50,
	"model": {
		"device": "triode",
		"type": "cohenHelie",
		"kg1": 458.01,
		"mu": 60.0,
		"x": 1.24521,
		"kp": 826.355,
		"kvb": 0.179676,
		"kvb1": 76.0827,
		"vct": 0.360132
	}
}